
Starter Deck: Duelist Toolbox
(TCG - English)

48094997		 
05464695	 
74093656		 
00255998		 
36643046		 
54652250		 
21015833		 
77252217		 
88650530		 
63977008		 
09365703		 
23571046		 
50604950		 
66288028		 
88559132		 
40225398		 
76614003		 
20932152		 
73048641		 
42703248		 
72892473		 
32807846		 
95281259		 
10012614		 
98045062		 
26412047		 
74848038		 
98143165		 
47766694		 
04206964		 
60082869		 
04178474		 
93382620		 
27053506		 
56120475		 
36361633		 
78211862		 
24268052		 
74860293		 
80108118		 
97204936		 
83810690		 