-57308711
-83392426
-20797524
-56286179
-82670878
-19665973
-55063681
-82458280
-18842395
-44341034
-81336148
-17720747
-44125452
-80513550
-16008155
-43002864
-79491903
-16886617
-42280216
-78275321
-5763020
-41158734
-78552773
-4941482
-30936186
-77330185
-3825890
-30213599
-76218643
-3603242
-39091951
-65496056
-2980764
-38975369
-5373478
-31768112
-77153811
-4141820
-30646525
-39701395
-65196094
-91580102
-38589847
-64973456
-91468551
-27863269
-90246973
-63851864
-26640671
-53039326
-99523325
-25518020
-52913738
-88301833
-25796442
-51790181
-88289295
-24673894
-50078509
-83467607
-67030233
-3429238
-39823987
-66818682
-2203790
-19451302
-56856951
-82340056
-18739764
-45133463
-81128478
-18517177
-44901281
-70406920
-43889633
-70284332
-16678947
-42167046
-79161790
-17490535
-3381441
-42737833
-78121572
-5220687
-31615285
-78009994
-4404099
-30492798
-67987302
-30770156
-16229315
-77207191
-56043447
-15684835
-28859794
-62782218
-15939448
-4796100
-63465535
-22858242