95772051
9583383
36088082
62476197
9861795
35866404
61254509
8649148
34143852
61132951
97526666
33911264
60316373
96704018
23899727
69293721
96682430
22076135
58471134
95466842
21954587
54359696
90743290
26732909
53136004
89521713
26016357
52404456
88409165
15893860
51282878
88686573
14771222
40160226
87564935
13959634
40343749
76442347
12836042
49221191
75620895
12014404
48009503
74593218
1992816
47387961
74371660
770365
37164373
73659078
9053187
36042825
62437430
9831539
35220244
61314842
8719957
34103656
61592395
97997309
33981008
60470713
96864811
23269426
69257165
95642274
22047978
58531587
95920682
21924381
57319935
34707034
60202749
97697447
23681456
60080151
96474800
22869904
59957503
95352218
22747316
21767650
58165765
84650463
21044178
57043117
83438826
20822520
56321639
83715234
7914843
73778008
31975743
67675300
3070049
30464153
66853752
73776643
48049769
440556
