42024143
47432275
73837870
10321588
46710683
72714392
9109991
45593005
72992744
8487449
34471458
71870152
7264861
34659866
70054514
6142213
33537328
69931927
6320631
32314730
68809475
95204084
31692182
68087897
94081496
20470500
67964209
93369354
20358953
62742651
98147766
25531465
51020079
98024118
24419823
51808422
87292536
23297235
50781944
86170989
25862681
13574687
59969392
25958491
52352005
98847704
25231813
51630558
87624166
24019261
50418970
87902575
13997673
59385322
86780027
12174035
49669730
85668449
11052544
48447192
74845897
11830996
47325505
73729209
10118318
46502013
73507661
9995766
46480475
72885174
8279188
35268887
71652522
8057630
34545235
60530944
7935043
33323657
60718396
6112401
32207100
78422252
5817857
41201555
77600660
4694209
40189917
77584012
3972721
39967326
6150044
43378048
79473793
42256406
14258627
41753322
37955049
19028307
52512994
16304628
