
65403020
39674352
66073051
2468169
39552864
65957473
91345518
38730226
64734921
91123920
27618634
63012333
90407382
26495087
31812496
53890795
99284890
25773409
30190809
52768103
98162242
84550200
25551951
51945556
87340664
24435369
50823978
83228073
19612721
55001420
82005435
18590133
45985838
81383947
18378582
44762290
80161395
98045062
17655904
43040603
303660
10035717
56433456
82828051
19312169
45311864
82705573
18190572
44595286
71983925
17078030
44472639
70861343
16255442
43250041
79649195
53776525
27288416
99171160
26566878
52550973
89959682
25343280
51838385
88236094
24221739
51616747
87010442
13409151
50593156
86988864
13386503
49771608
85166216
12160911
48659020
75043725
11448373
44436472
70821187
16226786
43714890
79109599
6103294
42598242
78986941
5371656
31476755
78864369
4259068
30653113
67048711
3136426
30531525
66926224
2314238
39719977
5703682
32298781
78697395
4081094
31076103
67464807
4869446
30353551
66742250
93747864
39131963
66526672
92924317
39019325
6133894

