	-23562407
	-19700943
	-56105047
	-82593786
	-18988391
	-45082499
	-81471108
	-18865703
	-44250812
	-70655556
	-17643265
	-43138260
	-10532969
	-56921677
	-82315772
	-19310321
	-45705025
	-82293134
	-18698739
	-44682448
	-71071546
	-17475251
	-44860890
	-70355994
	-6353603
	-6353603
	-43748308
	-75132317
	-2521011
	-38525760
	-74010769
	-1409474
	-37803172
	-74298287
	-282886
	-37781520
	-63175639
	-9560338
	-36569343
	-62953041
	-99348756
	-35842855
	-61231400
	-98225108
	-24610207
	-61019812
	-97403510
	-97403510
	-97403510
	-23998625
	-23998625
	-60992364
	-60992364
	-96381979
	-96381979
	-23776077
	-59170782
	-95169481
	-22653490
	-22653490
	-58058134
	-85446833
	-21831848
	-57836546
	-84220251
	-10719350
	-57103969
	-83108603
	-19596712
	-56981417
	-82386016
	-19870120
	-45869829
	-45869829
	-82263578
	-44046281
	-71541986
	-71541986
	-17536995
	-44920699
	-70329348
	-6713443
	-43708041
	-79206750
	-6691855
	-32086564
	-78474168
	-78474168
	-5479217
	-31863912
	-59057152
	-96051150
	-22446869
	-22446869
	-59834564
	-85239662
	-21223277
	-21223277
	-58712976
	-84117021
	-11501629
	-46696593
	-10365322
	-18426196
	-80321197
	-18724123
	-18724123
	-58131925
	-74168099
	-1662004
	-37057743

