
41230939
77625948
3019642
64268668
91663373
87257460
23756165
50140163
85313220
12817939
58206034
86209650
12694768
58098303
84290642
11685347
47084486
84478195
10963799
47961808
73356503
19740112
46145256
72634965
9628664
45023678
71411377
8806072
44800181
71395725
3784434
39188539
76573247
99532708
40418351
37057012
2561856
39956951
65450690
1845204
38834303
64238008
91623717
37011715
63516460
90500169
36995273
63394872
99788587
25173686
62271284
98666339
25050038
51449743
36935434
63323539
98444741
90440725
24838456
50323155
