
38898779
88559132
14943837
40348946
77336644
13821299
40225398
76614003
2009101
49003716
75498415
2986553
89493368
52286175
15175429
88671720
16898077
48381268
75775867
1764972
37169670
14553285
40048324
77036039
3431737
49826746
76214441
2619149
46239604
81278754
75937826
39703254
75198893
1596508
38981606
74976215
1474910
37869028
63253763
652362
32646477
69031175
95526884
31924889
68319538
94303232
21702241
67196946
94681654
20686759
56074358
93469007
29863101
56252810
92346415
28741524
55136228
81524977
28529976
54913680
80402389
17896384
53291093
80280737
16674846
42079445
89563150
15552258
42956963
88341502
14730606
41234315
77229910
14613029
40012727
76407432
3891471
49980185
76384284
2779999
39163598
65282484
1287123
37675138
64160836
564541
37953640
63948258
99342953
36737092
40703222
27827272
88190790
3167573
64382839
87148330
35984222
62379337
50263751
73333463
