
45945685
60246171
97240270
23635815
98585345
71930383
18325492
44729197
71218746
7602840
43697559
6480253
33875961
79979666
70095154
59023523
96428622
22512237
59907935
85306040
22790789
58185394
84173492
11678191
57062206
84451804
10456559
56840658
83235263
19733961
46128076
82112775
5368615
32752319
74157028
1546123
37630732
18511384
45906428
71490127
18895832
44883830
70278545
7672244
25573054
61968753
97362768
63035430
43061293
70156997
6540606
42945701
79333300
5728014
32723153
78211862
5606466
31000575
67095270
4483989
