
1557341
31281980
67270095
94664694
30069398
66457407
93542102
29947751
66331855
92720564
28124263
55119278
91607976
28002611
54497620
80885324
27870033
53274132
80769747
26157485
53152590
89547299
15935204
52430902
19505896
82116191
82994509
84824601
18489208
11819616
43642620
33420078
18960169
83602069
20450925
79814787
10097168
44364207
46195773
73580471
19974580
45379225
45500495
6021033
5309481
72767833
18752938
45247637
71645742
7030340
44424095
70423794
7817703
33302407
79707116
6795211
32180819
44887817
69584564
5973663
31467372
68462976
4857085
31245780
67630339
94634433
30123142
66518841
93912845
29307554
66395299
92890308
28284902
55673611
91078716
28062325
54451023
80955168
27340877
53334471
80723580
38041940
74440055
1834753
37829468
63223467
612115
36107810
63101919
99590524
41442341
80987696
54591086
96938777
8483333
23116808
68722455
5126490
31111109
20546916
