75372290
39507162
10375182
-16589042
-91512835
-36354007
-63749102
-14898066
-38033122
-30860696
-42035044
-89943723
-70095154
-69890967
-6007213
-32491822
-7093411
-83965310
-32543380
-79856792
-23303072
-25366484
-48996569
-60493189
-44508094
-70902743
-73580471
-46195773
-18013090
-7391448
-41181774
-11613567
-10875327
-69931927
-40044918
-24857466
-39439590
-19665973
-46668237
-57793869
-72714392
-50287060
-62180201
-65192027
-38109772
-37195861
-66973070
-80304126
-64681432
-21208154
-13893596
-2403771
-25862681
-7841112
-52352005
-67030233
-97489701
-35952884
-14017402
-79229522
-9012916
-93717133
-78651105
-11366199
-13521194
-98645731
-12510878
-59509952
-42009836
-34022290
-36521459
-84749824
-44178886
-52860176
-88071625
-19182751
-28348537
-42874792
-10802915
-85138716
-37115575
-69610924
-78156759
-11411223
-16304628
-42752141
-60645181
-74294676
-54719828
-64332231
-76774528
-95992081
-63612442
-78156759
-75326861 