
                 Dark Beginning 1
             (TCG - Worldwide English)
 
36039163	
40619825	
65169794	
38552107	
99597615	
18807108	
11324436	
95174353	
93013676	
32539892	
95744531	
81863068	
03056267	
03797883	
64631466	
65570596	
16762927	
70368879	
82003859	
18591904	
45986603	
81380218	
17375316	
44763025	
17653779	
43641473	
70046172	
16430187	
42829885	
79323590	
05318639	
42703248	
74191942	
64047146	
67284908	
95051344	
22046459	
38369349	
65458948	
91842653	
62397231	
15259703	
34124316	
61528025	
97017120	
23401839	
60806437	
96890582	
23289281	
95178994	
22567609	
95956346	
57839750	
84834865	
20228463	
57617178	
83011277	
19406822	
56594520	
82999629	
19384334	
45778932	
81777047	
18161786	
44656491	
53183600	
77585513	
27911549	
49587034	
01248895	
35316708	
61705417	
98299011	
34694160	
60082869	
97077563	
96355986	
22359980	
02130625	
74923978	
74701381	
36280194	
36468556	
62867251	
08951260	
61740673	
81210420	
71044499	
17449108	
43434803	
70828912	
79106360	
04266839	
30532390	
78193831	
92377303	
65240384	
89631139	
76184692	
45231177	
32274490	
46986414	
06368038	
91152256	
40374923	
90357090	
34460851	
53375573	
85639257	
44287299	
50045299	
22702055	
53129443	
12580477	
38199696	
46130346	
66788016	
04206964	
24094653	
15025844	
32452818	
66889139	
28279543	
13039848	
01784619	
74677422	
33066139	
72302403	
09076207	
54652250	
07089711	
83764718	
55144522	
08124921	
44519536	
70903634	
07902349	
33396948	
41392891	
87796900	
70781052	
15480588	
87756343	
76812113	
12206212	
01184620	
20277860	
28933734	
15150365	
11901678	
10189126	
58192742	
90219263	
25955164	
62340868	
98434877	
98049915	
70138455	
32809211	
31560081	
03027001	
79759861	
05758500	
41142615	
04031928	
21593977	
05556668	
01918087	
37313786	
63689843	
35346968	
98139712	
06104968	
24294108	
97687912	
23171610	
66719324	
93108433	
59560625	
22959079	
90502999	
59344077	
54109233	
85742772	
21237481	
58621589	
03643300	
51345461	
88733579	
24128274	
27125110	
63519819	
21015833	
57409948	
83994646	
10992251	
56387350	
79870141	
78658564	
66362965	
00423705	
23615409	
03573512	
46821314	
73216412	
05600127	
31709826	
67371383	
87303357	
13676474
49064413	
86569121	
12953226	
21888494	
57882509
94377247
20765952	
29549364	
56948373	
82432018	
19827717	
55226821	
18605135	
21598948	
53582587
21770260	
94163677	
21558682	
57953380	
91869203	
64752646	
53530069	
90925163	
85802526	
21297224	
84080938	
21175632	
57579381	
83968380	
10352095	
56747793	
83746708	
32541773	
68049471	
05434080	
67105242
66989694