
Dark Beginning 2
(TCG - Worldwide English)
41855169	
88240808	
40133511	
31829185	
77527210	
40916023	
76305638	
45894482	
71283180	
88472456	
71466592	
86099788	
93599951	
33950246	
70344351	
06733059	
33737664	
05616412	
32015116	
68400115	
94212438	
31893528	
67287533	
94772232	
30170981	
30606547	
15866454	
05494820	
95286165	
33550694	
69954399	
06343408	
95220856	
39507162	
88819587	
87564352	
18246479	
71625222	
66602787	
55763552	
28546905	
26202165	
14141448	
40640057	
41462083	
69455834	
95727991	
68516705	
94905343	
93889755	
13215230	
51371017	
46918794	
94773007	
30778711	
24611934	
87322377	
31786629	
84926738	
67629977	
11384280	
46657337	
71107816	
08201910	
07489323	
78010363	
68658728	
28470714	
54752875	
80741828	
05818798	
81480460	
41420027	
77414722	
03819470	
98069388	
52097679	
25880422	
51275027	
88279736	
44095762	
20436034	
56830749	
19613556	
27324313	
47852924	
45895206	
10262698	
82085619	
06285791	
49791927	
48305365	
07359741	
69140098	
79571449	
94119974	
53493204	
99510761	
46700124	
69015963	
28563545	
81843628	
61831093	
33508719	
93920745	
51452091	
53119267	
99518961			
26902560	
75372290	
16589042	
52077741	
57482479		
10375182	
17444133	
53839837	
15270885	
79875176	
42386471	
16392422	
89997728	
43509019	
91512835	
53982768	
80071763	
16475472	
52860176	
89258225	
15653824	
88132637	
14531242	
41925941	
77910045	
40703393	
76297408	
03682106	
49681811	
02460565	
49868263	
75953262	
01347977	
38742075	
74131780	
37620434	
63018132	
00403847	
32807846	
69296555	
95281259	
53046408	
94568601	
31553716	
67957315	
66235877	
93220472	
29618570	
55013285	
92408984	
28596933	
55991637	
81385346	
27770341	
54178050	
80163754	
17658803	
78706415	
71829750	
19153634	
70797118	
14291024	
79575620	
06979239	
18036057	
43586926	
40695128	
77084837	
03078576	
40473581	
76862289	
02356994	
39751093	
75745607	
02134346	
38538445	
4425169	
64801562	
00295517	
37684215	
63789924	
31036355	
99173029	
36562627	
62966332	
99351431	
25345186	
61844784	
98239899	
24623598	
61622107	
93016201	
29401950	
40633297	
56995655	
92394653	
55773067	
28566710	
83986578	
45547649	
82642348	
42364374	
17214465	
05257687	
70307656	
75285069	
80233946	
16222645	
89111398	
16509093	
42994702	
88989706	
15383415	
41872150	
78266168	
40659562	
77044671	
03549275	
40933924	
76922029	
9711336	
02204140	
38699854	
14087893	
41482598	
77876207	
04861205	
40350910	
76754619	
03149764	
39537362	
76532077	
02926176	
38411870	
65810489	
01804528	
38299233	
64697231	
37576645	
63571750	
48579379	
41426869	