
53839837
48094997
11987744
47372349
85489096
74367458
10755153
47150851
73544866
9633505
46037213
39978267
2851070
90790253
81985784
50939127
86327225
13722870
49217579
85605684
12600382
9817927
35215622
71200730
8794435
34193084
61587183
7572887
33977496
60365591
6850209
33244944
69243953
95638658
32022366
68427465
95515060
21900719
68304813
94793422
20188127
57182235
93671934
20065549
56460688
52503575
92854392
29843091
55348096
82732705
28121403
52824910
36261276
23265313
49003308
86498013
12482652
49881766
75375465
11760174
48768179
74153887
11548522
47942531
73431236
425934
46820049
73219648
9603356
35798491
72192100
8581705
35975813
61370518
7369217
34853266
82108372
80441106
54878498
16268841
16135253
60258960
97642679
29228529
16435215
33031674
69035382
96420087
32919136
69313735
28106077
95308449
22796548
68191243
94585852
21070956
57069605
94463200
20858318
56246017
83241722
29735721
56120475
82529174
89041555
55256016
