Dark Revelation Volume 1
(TCG - Worldwide English)

24530661	
51934376	
97923414	
90980792	
04335645	
76052811	
24317029	
50712728	
37101832	
63695531	
99690140	
26084285	
62473983	
99877698	
25262697	
51351302	
98745000	
24140059	
51534754	
87523462	
23927567	
50412166	
86801871	
23205979	
59290628	
85684223	
78053598	
12183332	
58577036	
85562745	
11961740	
47355498	
84740193	
10248192	
47233801	
73628505	
10012614	
46411259	
72405967	
05990062	
65830223	
41398771	
78783370	
04178474	
40172183	
77561728	
03055837	
30450531	
76848240	
02833249	
00102380	
17597059	
38723936	
93382620	
54704216	
12143771	
58538870	
85936485	
62651957	
65622692	
64500000	
11321183	
47415292	
84814897	
10209545	
47693640	
73698349	
19086954	
46571052	
12965761	
59364406	
85359414	
11743119	
48148828	
84636823	
11021521	
47025270	
73414375	
10809984	
46303688	
73398797	
09786492	
46181000	
72575145	
08964854	
35059553	
71453557	
08842266	
34236961	
70231910	
07625614	
33114323	
60519422	
02903036	
38992735	
65396880	
91781589	
38275183	
64274292	
90669991	
27053506	
63442604	
90846359	
26931058	
62325062	
02111707	
91998119	
99724761	
25119460	
11813953	
48202661	
84696266	
11091375	
47480070	
55821894	
94004268	
73574678	
10979723	
46363422	
73752131	
09156135	
45141844	
72630549	
08034697	
35429292	
71413901	
07802006	
34206604	
70791313	
07180418	
33184167	
69579761	
06967870	
32362575	
69456283	
95841282	
32240937	
08634636	
81325903	
68057622	
61127349	
07512044	
34906152	
60391791	
06390406	
33784505	
69279219	
96677818	
32062913	
34029630	
67987611	
80193355	
95451366	
21840375	
68334074	
94739788	
20727787	
53112492	
99517131	
98502113	
24096228	
87880531	
48094997	
11987744	
47372349	
85489096	
74367458	
10755153	
47150851	
73544866	
09633505	
46037213	
39978267	
02851070	
90790253	
81985784	
50939127	
86327225	
13722870	
49217579	
85605684	
12600382	
09817927	
35215622	
71200730	
08794435	
34193084	
61587183	
07572887	
33977496	
60365591	
06850209	
33244944	
69243953	
95638658	
32022366	
68427465	
95515060	
21900719	
68304813	
94793422	
20188127	
57182235	
93671934	
20065549	
56460688	
52503575	
92854392	
29843091	
55348096	
82732705	
28121403	
52824910	
36261276	
23265313	
49003308	
86498013	
12482652	
49881766	
75375465	
11760174	
48768179	
74153887	
11548522	
47942531	
73431236	
00425934	
46820049	
73219648	
09603356	
35798491	
72192100	
08581705	
35975813	
61370518	
07369217	
34853266	
82108372	
80441106	
54878498	
16268841	
16135253	
60258960	
97642679	
29228529	
16435215	
33031674	
69035382	
96420087	
32919136	
69313735	
28106077	
95308449	
22796548	
68191243	
94585852	
21070956	
57069605	
94463200	
20858318	
56246017	
83241722	
29735721	
56120475	
82529174	
89041555	
55256016	