Dark Revelation Volume 3 (TCG - English)

13179332	
49563947	
86652646	
12057781	
49441499	
75830094	
11224103	
48229808	
74713516	
01102515	
47507260	
74591968	
00980973	
00980973	
73879377	
09264485	
36262024	
72657739	
04041838	
31440542	
67934141	
04929256	
30314994	
66712593	
93107608	
39191307	
66690511	
92084010	
38479725	
65878864	
91862578	
28357177	
64751286	
90140980	
27134689	
53539634	
90928333	
26412047	
52817046	
89801755	
25290459	
52684508	
97342942	
88089103	
25578802	
51562916	
27967615	
54351224	
90740329	
27744077	
53239672	
89628781	
26022485	
52417194	
89405199	
15800838	
80863132	
52648457	
51394546	
88789641	
35322812	
62327910	
08715625	
34100324	
61505339	
97093037	
34088136	
60482781	
01995985	
81306586	
23265594	
18891691	
65260293	
92755808	
28143906	
64538655	
91932350	
27927359	
54415063	
90810762	
26205777	
53693416	
89698120	
26082229	
52571838	
88975532	
15960641	
51355346	
88753985	
14148099	
51632798	
87621407	
13026402	
40410110	
86805855	
13803864	
49398568	
75782277	
12181376	
48576971	
63995093	
75560629	
01965724	
47453433	
74848038	
00242146	
37231841	
13626450	
35686187	
49010598	
76515293	
12503902	
49998907	
75392615	
01781310	
48276469	
74270067	
01669772	
37053871	
74458486	
36119641	
62113340	
08508055	
35052053	
61441708	
98446407	
34830502	
74388798	
60229110	
97623219	
23118924	
60102563	
96501677	
22996376	
59380081	
95789089	
22873798	
58268433	
94667532	
21051146	
16956455	
57046845	
84430950	
20939559	
52323207	
89718302	
15717011	
52101615	
88696724	
15090429	
41089128	
87473172	
14878871	
40267580	
87751584	
13756293	
49140998	
76539047	
51481927	
69162969	
33767325	
12923641	
49328340	
75417459	
01801154	
48206762	
74694807	
01689516	
37083210	
73578229	
00967928	
36361633	
63356631	
09744376	
35149085	
62633180	
08628798	
35027493	
61411502	
97806240	
21844576	
58932615	
84327329	
20721928	
57116033	
83104731	
10509340	
56094445	
82482194	
19877898	
45871897	
82260502	
18654201	
45159319	
71544954	
13532663	
40937767	
76321376	
03810071	
49814180	
75209824	
02694423	
48092532	
75487237	
01571945	
37970940	
74364659	
00759393	
37744402	
63142001	
09637706	
36021814	
62420419	
99414168	
35809262	
61204971	
42664989	
87910978	
98792570	
34187685	
61181383	
97570038	
23965037	
60369732	
96458440	
23842445	
59237154	
96631852	
22020907	
58015506	
85519211	
21908319	
58392024	
84397023	
20781762	
57270476	
83675475	
10069180	
56058888	
82452993	