Dark Revelation Volume 4
(TCG - English)

45945685	
60246171	
97240270	
23635815	
98585345	
71930383	
18325492	
44729197	
71218746	
07602840	
43697559	
06480253	
33875961	
79979666	
70095154	
59023523	
59023524	
22512237	
59907935	
85306040	
22790789	
58185394	
84173492	
11678191	
57062206	
84451804	
10456559	
56840658	
83235263	
19733961	
46128076	
82112775	
05368615	
32752319	
74157028	
74157028	
37630732	
18511384	
45906428	
71490127	
18895832	
44883830	
70278545	
07672244	
25573054	
61968753	
97362768	
63035430	
43061293	
70156997	
06540606	
42945701	
79333300	
05728014	
32723153	
78211862	
05606466	
31000575	
67095270	
04483989	
07459013	
51638941	
97023549	
25652259	
90876561	
64788463	
59793705	
86188410	
23421244	
50916353	
96300057	
23309606	
22587018	
58071123	
85066822	
11460577	
44954628	
70948327	
06337436	
33731070	
79126789	
06214884	
32619583	
78004197	
05498296	
31887905	
68881649	
04376658	
31764353	
58859575	
84243274	
10248389	
47737087	
83121692	
10526791	
25366484	
67169062	
93554166	
61850482	
24643836	
98259197	
19394153	
45898858	
46910446	
90374791	
30548775	
66947414	
93431518	
44676200	
18271561	
29826127	
65824822	
92219931	
28604635	
55008284	
55008284	
72287557	
71060915	
27581098	
54976796	
06007213	
32491822	
69890967	
05285665	
32679370	
68774379	
04162088	
31557782	
80045583	
26439287	
53828396	
89222931	
15317640	
52702748	
88190453	
15595052	
41589166	
87978805	
14472500	
40867519	
77252217	
13250922	
49645921	
76039636	
12538374	
49522489	
75917088	
02316186	
48700891	
14255590	
41249545	
73648243	
10032958	
46427957	
72426662	
09910360	
67951831	
94940436	
30435145	
67829249	
93224848	
29612557	
45305419	
72709014	
66607691	
08198712	
92001300	
44182827	
29590905	
55985014	
91989718	
28378427	
71587526	
07076131	
34460239	
70865988	
06859683	
33246692	
69632396	
06137095	
41613948	
77608643	
13093792	
40591390	
49375719	
76763417	
02158562	
76986005	
03370104	
67646312	
93130021	
81896370	
06924874	
32918479	
69303178	
95701283	
68280530	
21074344	
94689635	
32296881	
67468948	
94853057	
20951752	
57346400	
93730409	
29139104	
56524813	
92518817	
29013526	
55401221	
20529766	
41436536	
88820235	
14225239	
55615891	
81003500	
01036974	
74825788	
00213326	
37318031	
63703130	
00191749	
54289683	
28890974	
48653261	
38430673	
81674782	
75041269	
36586443	
17178486	
62980542	
35464895	
99075257	
62868900	
53567095	
94253609	
30241314	
80551130	
12117532	
43340443	
50400231	
36354007	
63749102	
70074904	
34627841	