
7459013
51638941
97023549
25652259
25652259
90876561
90876561
64788463
64788463
59793705
59793705
86188410
23421244
50916353
50916353
96300057
23309606
22587018
58071123
85066822
85066822
11460577
44954628
44954628
70948327
6337436
6337436
33731070
79126789
79126789
6214884
6214884
32619583
32619583
78004197
78004197
5498296
31887905
68881649
4376658
31764353
58859575
84243274
84243274
10248389
10248389
47737087
47737087
83121692
83121692
10526791
10526791
25366484
25366484
67169062
67169062
93554166
61850482
24643836
98259197
19394153
19394153
45898858
46910446
46910446
90374791
90374791
30548775
66947414
93431518
44676200
44676200
18271561
18271561
29826127
65824822
92219931
28604635
55008284
91597389
72287557
71060915
27581098
54976796

