

41613948
77608643
13093792
40591390
49375719
76763417
2158562
76986005
3370104
67646312
93130021
81896370
6924874
32918479
69303178
95701283
68280530
21074344
94689635
32296881
67468948
94853057
20951752
57346400
93730409
29139104
56524813
92518817
29013526
55401221
20529766
41436536
88820235
14225239
55615891
81003500
1036974
74825788
213326
37318031
63703130
191749
54289683
28890974
48653261
38430673
81674782
75041269
17178486
36586443
62980542
35464895
99075257
62868900
53567095
94253609
30241314
80551130
12117532
43340443
