10028593
-78922939
-15310033
-41705642
-77700347
-14198496
-40583194
-77087109
-3072808
-49460512
-76865611
-2250266
-39648965
-75733063
-2137678
-38522377
-64910482
-1315120
-37300735
-64898834
-293542
-36687247
-63676256
-99070951
-36565699
-62950604
-98358303
-25343017
-61737116
-98126725
-24621460
-50615578
-97000273
-23408872
-50893987
-96287685
-22386234
-59771339
-25165047
-62560742
-98558751
-24943456
-51447164
-97836203
-24221808
-50215517
-87614611
-23008320
-59593925
-86997073
-12986778
-59371387
-85775486
-11264180
-58258899
-84653834
-11047543
-47436247
-83831356
-10925955
-42314669
-79718768
-15103313
-41197012
-78586116
-4081825
-41475424
-77864539
-3868277
-40253382
-76641981
-3146695
-39531794
-75525309
-2924048
-38318146
-65703851
-1802450
-38296564
-64681263
-90075978
-36352429
-47013502
-73417207
-10802915
-46291010
-73285669
-9780364
-45178472
-72563071
-84914462
-11125718
-46272804
-72926163
-31930787
-67328336
-38562933
-64550682
-37349495
-98884569 