 

36119641
62113340
8508055
35052053
61441708
98446407
34830502
74388798
60229110
97623219
23118924
60102563
96501677
22996376
59380081
95789089
22873798
58268433
94667532
21051146
16956455
57046845
84430950
20939559
52323207
89718302
15717011
52101615
88696724
15090429
41089128
87473172
14878871
40267580
87751584
13756293
49140998
76539047
51481927
69162969
33767325
12923641
49328340
75417459
1801154
48206762
74694807
1689516
37083210
73578229
967928
36361633
63356631
9744376
35149085
62633180
8628798
35027493
61411502
97806240

