
76459806
32710364
32933942
68215963
95600067
69937550
21698716
7093411
32543380
33365932
69750546
81020140
17415895
54514594
80908502
17393207
43797906
80186010
12171659
48675364
75064463
11458071
48453776
74841885
10236520
47731128
73125233
114932
46508640
72903645
9391354
95026693
95326659
60876124
35486099
72881007
8275702
34664411
61068510
68815401
69537999
21420702
7153114
34541863
60946968
34487429
96148285
97970833
96331676
33725271
69724380
96218085
32603633
69091732
95096437
21481146
68875140
94374859
21768554
57753602
94804055
29424328
55818463
82213171
28601770
55696885
81191584
17589298
54974237
