92125819
87151205
13140300
59644958
86039057
12423762
45812361
81816475
17201174
44790889
70194827
17189532
43573231
79972330
16366944
42851643
79850798
5244497
41639001
78033100
4022819
31516413
77901552
3300267
30794966
66789970
3283679
39672388
66066482
2461031
38450736
65844845
91349449
38737148
4722253
30126992
67511500
3900605
30494314
66499018
92887027
39272762
65676461
92661479
28150174
64554883
91949988
27337596
64332231
90726340
26211048
53610653
99004752
26099457
52497105
89882100
25377819
51365514
88760522
14154221
51549976
87047074
13032689
50427388
86825483
13210191
49204190
85709845
12197543
48582558
75987257
11975962
47360060
74854609
259314
47247413
73632127
5037726
42425831
78910579
5914184
38520918
64514622
91903221
27407330
64892035
90887783
26285788
53670497
99064191
80117527
82308875
30587695
54936498
16719802
83991690
10389794
46384403
97170107
61807040
