

29590752
44430454
80825553
58554959
95943058
57610714
83604828
20003527
56597272
83982270
17810268
43318266
79703905
16197610
61538782
98049038
984114
42592719
79580323
5975022
41470137
78868776
4253484
31247589
77642288
3030892
30525991
76520646
3918345
39303359
66707058
2196767
38280762
65685470
91070115
38468214
17032740
60493189
22160245
21947653
58332301
3897065
64463828
90957527
27346636
69270537
96765646
94820406
19980975
55375684
82760689
63741331
90135989
26120084
52518793
25407406
52496105
52496105
98891840
24285858
51670553
27178262
64163367
23282832
60306104
18158397
45653036
90557975
26956670
53341729
99735427
26834022
52228131
84613836
21007444
57006589
84491298
20985997
57384901
83778600
19763315
65984457
93273006
28877100
64262809
91250514
27655513
54040221
90434926
26533075
28297833
38445524
81510157
67227834
42534368
