
82301904
42941100
79335209
15734813
42129512
78613627
14618326
41006930
77491079
4896788
40884383
16222645
3773196
39168895
16556849
42541548
75946257
1434352
47829960
74823665
218704
47606319
73001017
9596126
36584821
72989439
99050989
62543393
40320754
52090844
13944422
9373534
35762283
61166988
8251996
34646691
61044390
4542651
97439308
33423043
60912752
96316857
23701465
69196160
95194279
22589918
68073522
95472621
21466326
58851034
94256039
20644748
57139487
83133491
20522190
56916805
43793530
79182538
16587243
42071342
78060096
5464695
41859700
78243409
4732017
40737112
42868711
77121851
3510565
30914564
76909279
3493978
39892082
65287621
2671330
38670435
65064143
91559748
26185991
64306248
37957847
64342551
90337190
37721209
63120904
95614612
22609617
68007326
95492061
21887179
57281778
34370473
60764581
97169186
23557835
69542930
96947648
22431243
22493811
59820352
95214051
21219755
58607704
94192409
21597117
57585212
84970821
20374520
56769674
83258273
19252988
56647086

