6330307
33725002
19113101
45118716
72502414
8091563
45496268
71880877
8875971
44273680
70668285
7152333
33551032
70546737
6930746
32339440
69723159
5818294
32202803
68601507
94096616
31480215
67489919
94973028
20368763
66762372
93751476
29146185
66540884
92039899
28423537
55428242
91812341
28201945
54706054
80190753
27189308
53573406
80978111
16366810
53451824
89856523
15240238
52639377
88033975
15028680
41517789
87911394
14306092
40390147
77799846
13183454
49678559
76067258
2061963
49456901
75840616
1249315
48333324
74728028
1127737
37511832
73906480
904185
36499284
63883999
5288597
31677606
68661341
94156050
31554054
67949763
94933468
30338466
66727115
93211810
29616929
66604523
92099232
28493337
