39111158
89631139
76184692
45231177
32274490
46986414
6368038
91152256
89091579
40374923
90357090
9159938
77827521
90963488
32864
37421579
34460851
36121917
53293545
17881964
53375573
2863439
1641882
37313348
75356564
38142739
96851799
85639257
15401633
58528964
57305373
40826495
39004808
18710707
22910685
85309439
84686841
83464209
44287299
85705804
61854111
46009906
15052462
91595718
77027445
50045299
87430998
23424603
50913601
86318356
22702055
59197169
53129443
12580477
38199696
76103675
46130346
66788016
4206964
24094653
51482758
83887306
15025844
72842870
32452818
82542267
28279543
54541900
13039848
1784619
74677422
33066139
36304921
94675535
20060230
93553943
56342351
92731455
80770678
53153481
63308047
98818516
56283725
76211194
75376965
71407486
70681994
33064647
4614116
77007920
39774685
1557499
1435851
37820550
36607978
63102017
25769732
51267887
98252586
11868825
73134081
72302403
9293977
85326399
45042329
10202894
9076207
95952802
54652250
73051941
7089711
33178416
33178416
55444629
43500484
16353197
17535588
55291359
55291359
55144522
8124921
44519536
7902349
7902349
33396948
66889139
