 

3078576
53982768
80071763
16475472
52860176
89258225
15653824
42647539
88132637
14531242
41925941
77910045
14318794
40703393
76297408
3682106
49681811
76075810
2460565
49868263
75953262
1347977
38742075
74131780
1525329
37620434
63018132
403847
32807846
69296555
95281259
31785398
68170903
53046408
94568601
31553716
67957315
93346024
20831168
66235877
93220472
29618570
55013285
92408984
28596933
55991637
81385346
27770341
54178050
80163754
17658803
44203504
56369281
83764996
92421852
38916461
78706415
71829750
19153634
70797118
14291024
6979239
18036057
43586926
40695128
77084837
40473581
76862289
2356994
39751093
75745607
2134346
38538445
75923050
1412158
37406863
94425169
64801562
295517
37684215
63789924
31036355
99173029
36562627
62966332
99351431
25345186
61844784
98239899
24623598
61622107
93016201
29401950
40633297
56995655
92394653
29389368
55773067
81172176
28566710
79575620
