
71799173
37742478
73146473
131182
36625827
63014935
9418534
35803249
62892347
8396952
35781051
61175706
97574404
34568403
60953118
97452817
23846921
69831560
96235275
22624373
59019082
95503687
21502796
58996430
94381039
21785144
57774843
83269557
20663556
56052205
83446909
19441018
56839613
82324312
14729426
41113025
87102774
14506878
40991587
86489182
13474291
49879995
76263644
12652643
48156348
75141056
1539051
48934760
74329404
313513
37812118
73206827
691925
36099620
2084239
49479374
75967082
2362787
48356796
74741494
1149109
37534148
74029853
27551
37412656
63806265
9201964
36690018
62784717
99189322
35577420
61962135
98956134
34351849
61962135
67223587
23639291
60627999
96012004
23516703
59905358
7183277
44178886
70676581
6061630
33455338
57844634
79444933
6849042
32233746
27769400
57902462
56784842
60399954
9720537
17286057
76895648
30707994
6614221
42009836
