77585513
90908427
78423643
27911549
86198326
49587034
1248895
35316708
61705417
98299011
34694160
60082869
97077563
23471572
60866277
96355986
22359980
73079365
473469
36868108
12253117
49251811
75646520
2130625
48539234
74923978
74701381
296499
36280194
9074849
36468556
62867251
8951260
81210420
71044499
17449108
43434803
70828912
16227556
43711255
79106360
42599677
78984772
5388481
31477025
78861134
4266839
30655537
3134241
30532390
78193831
37580756
1918087
37313786
63689843
35346968
98139712
6104968
67049542
66927994
2311603
24294108
60682203
97687912
23171610
66719324
93108433
59560625
96965364
22959079
90502999
59344077
54109233
85742772
21237481
58621589
3643300
51345461
88733579
24128274
50122883
87511987
52675689
27125110
63519819
84620194
21015833
57409948
83994646
10992251
56387350
79870141
5265750
32269855
78658564
4042268
31447217
67532912
4920010
30325729
66362965
423705
23615409
11761845
61740673
