+83272895
+19667590
+45651298
+82050203
+18444902
+45939611
+71923655
+18322364
+44717069
+70101178
+7500772
+43694481
+70089580
+6483224
+32872833
+79867938
+5361647
+32750341
+68144350
+4549095
+31533704
+67922702
+4417407
+30811116
+66200210
+93294869
+39699564
+66084673
+92572371
+28577986
+65961085
+91350799
+28754338
+54149433
+90238142
+27632240
+53027855
+90411554
+26400609
+53804307
+89399912
+25788011
+52182715
+88177324
+88177324
+88177324
+15561463
+51960178
+23454876
+50449881
+86848580
+23232295
+59627393
+59627393
+85121942
+85121942
+22110647
+22110647
+58504745
+85909450
+11398059
+57782164
+84877802
+10275411
+47660516
+47660516
+83054225
+19059929
+46448938
+72932673
+19337371
+45725480
+72710085
+18114794
+44509898
+71098407
+7092142
+44487250
+70875955
+6260554
+33665663
+79759367
+6148016
+32542011
+68937720
+5325424
