

38033121
12143771
58538870
85936485
62651957
65622692
64500000
11321183
47415292
84814897
10209545
47693640
73698349
19086954
46571052
12965761
59364406
85359414
11743119
48148828
84636823
11021521
47025270
73414375
10809984
46303688
73398797
9786492
46181000
72575145
8964854
35059553
71453557
8842266
34236961
70231910
7625614
33114323
60519422
2903036
38992735
65396880
91781589
38275183
64274292
90669991
27053506
63442604
90846359
26931058
62325062
2111707
91998119
99724761
25119460
11813953
48202661
84696266
11091375
47480070
55821894
94004268
73574678
10979723
46363422
73752131
9156135
45141844
72630549
8034697
35429292
71413901
7802006
34206604
70791313
7180418
33184167
69579761
6967870
32362575
69456283
95841282
32240937
8634636
81325903
68057622
61127349
7512044
34906152
60391791
6390406
33784505
69279219
96677818
32062913
34029630
67987611
80193355
95451366
21840375
68334074
94739788
20727787
53112492
99517131
98502113
24096228
87880531
