
41392891
87796900
70781052
68846917
15480588
88979991
87756343
76812113
12206212
1184620
40240595
67494157
20277860
28933734
16972957
15150365
16768387

10189126
19066538
2483611
58314394
58192742
90219263
25955164
62340868
98434877
98049915
13599884
86088138
12472242
58861941
10538007
70138455
32809211
31560081
93221206
28593363
81386177
73481154
9653271
21347810
55784832
21817254
69572024
15237615
21263083
55875323
80141480
43230671
5901497
78780140
76446915
2118022
64501875
3027001
79759861
5758500
41142615
4031928
88819587
87564352
40453765
18246479
71625222
66602787
55763552
28546905
26202165
14141448
40640057
14851496
62121
69455834
95727991
68516705
94905343
93889755
29155212
13215230
28725004
42431843
89272878
549481
25109950
51371017
10071456
46918794
94773007
30778711
99551425
24611934
25655502
51828629
87322377
8471389
31786629
23771716
84926738
74703140
7019529
67629977
56907389
29380133
89112729
11384280
46657337
71107816
8201910
7489323
60862676
7805359
21417692
93900406
20394040
78010363
68658728
28470714
17358176
54752875
80741828
41396436
2504891
5818798
49888191
81480460
41420027
77414722
3819470
98069388
52097679
98495314
25880422
51275027
88279736
24668830
50152549
44095762
20436034
56830749
83225447
19613556
41462083
25833572