-87973893
-40817915
-76202610
-3606728
-39695323
-76080032
-2584136
-38973775
-65367484
-1362589
-38757297
-64145892
-90640901
-33034646
-69023354
-96427353
-22812068
-94573223
-21977828
-21790410
-68184115
-69207766
-95395761
-57962537
-93451636
-20855340
-56240989
-23234094
-69633792
-95027497
-22512406
-58911105
-95905259
-21390858
-57784563
-94283662
-20277376
-57662975
-83061014
-81000306
-17494901
-44883600
-80887714
-16272453
-43661068
-79155167
-16550875
-42548470
-78933589
-5338223
-41722932
-78811937
-4215636
-30600344
-77098449
-3493058
-30488793
-12423762
-2371506
-39765115
-44505297
-29455728
-56840427
-82944432
-19333131
-55727845
-81122844
-18511599
-65150219
-2148918
-38643567
-64038662
-91422370
-37421075
-64815084
-90200789
-26708437
-99188141
-26586849
-52971944
-63193536
-52601736
-25484449
-88095331
-99212922
-25206027
-52823314
-51589188
-24362891
-50766506
-20193924
-48588176
-74983881
-1371589
-7243511
-31919988
-67904682
-93353691
-77334267
-4423206