83555666
17192817
4035199
31242786
83986578
45547649
82642348
42364374
17214465
5257687
44913552
70307656
2792265
75285069
80233946
16222645
43716289
89111398
16509093
42994702
88989706
15383415
41872150
78266168
14261867
40659562
77044671
3549275
40933924
76922029
2326738
39711336
75100441
2204140
38699854
14087893
41482598
77876207
4861205
40350910
76754619
3149764
39537362
76532077
2926176
38411870
65810489
1804528
38299233
64697231
1082946
37576645
63571750
24530661
51934376
97923414
90980792
4335645
76052811
24317029
50712728
37101832
63695531
99690140
26084285
62473983
99877698
25262697
51351302
98745000
24140059
51534754
87523462
23927567
50412166
86801871
23205979
59290628
85684223
78053598
12183332
58577036
85562745
11961740
47355498
84740193
10248192
47233801
73628505
10012614
46411259
72405967
5990062
65830223
41398771
78783370
4178474
40172183
77561728
3055837
30450531
76848240
2833249
17597059
38723936
93382620
54704216
102380
