-69380702
-95788410
-31173519
-68167124
-94656263
-21051977
-67445676
-93830681
-20838380
-56223084
-93717133
-29116732
-55501446
-92595545
-28990150
-55488859
-81873903
-28877602
-54266211
-80651316
-17045014
-53540729
-80538728
-16923472
-42328171
-25716180
-51701885
-88205593
-24694698
-50088247
-87483942
-13478040
-50866755
-86361354
-12755462
-49144107
-85138716
-46083380
-73178098
-9576193
-46961802
-72355441
-9354555
-35848254
-71233859
-8632967
-34026662
-61011311
-7405310
-33904024
-60398723
-96383838
-33782437
-69176131
-95561280
-32065885
-68054593
-95448692
-21843307
-12533811
-48928529
-74416224
-11411223
-47805931
-74294676
-698785
-67232306
-94626050
-20721759
-57115864
-93504463
-29999161
-56993276
-82382815
-29876529
-55271628
-54059040
-28654932
-81443745
-81665333
-80495985
-16480084
-42874792
-79279397
-15667446
-4545854
-41930553
-42752141
-78156759
-74530899
-123709
-69243722
-43359262
-36227804
-5237827
-64734090
-71341529
-68120130
-31632536