
89943723
37265642
17955766
89621922
43237273
42682609
41382147
99861526
36378213
25034083
24311595
28355718
54749427
17132130
55461064
80744121
81866673
90654356
79409334
15894048
63259351
36042004
44702857
62437709
25920413
62315111
98719226
24104865
51192573
97697678
55171412
81566151
28677304
64599569
98927491
36256625
16616620
78387742
41160595
23299957
89899996
3659803
22147117
77565204
14772491
42015635
80921533
53527835
15294090
43405287
24082387
50470982
96875080
86742443
50684552
97705809
63477921
23869735
16946849
59258334
