98299011
98139712
97687912
97077563
96965364
96355986
93108433
90502999
88733579
87511987
86198326
84620194
83994646
81210420
79870141
78984772
78658564
78423643
78193832
78193831
77585514
77585513
75646520
74923978
74701381
73079365
71044499
70828912
67532912
67049542
66927994
66719324
66362965
63689843
62867251
61740673
61705417
60866277
60682203
60082869
59560625
59344077
58621589
57409948
54109233
52675689
51345461
50122883
49587034
49251811
48539234
43711255
43434803
42599677
37580756
37313786
36868108
36468556
36280194
35346968
35316708
34694160
32269855
31477025
31447217
30655537
30532390
30325729
27911549
27125110
24294108
24128274
23615409
23471572
23171610
22959079
22359980
21237481
17449108
16227556
12253117
11761845
10992251
9074847
8951260
6104968
5265750
4920010
4266839
4042268
3643300
2311603
2130625
1918087
1248895
473469
296499
