14536035
90582719
26976414
79407975
5592689
31986288
78371393
4779091
31764700
67159705
3657444
30042158
66436257
53927679
93431862
39829561
66234679
92719314
38107923
65192027
91596726
28985331
64379430
90464188
27869883
26254876
53257892
90642597
26046205
52035300
89529919
25924653
52248570
52319752
88307361
14702066
51196174
87685879
14089428
50074522
53461122
99865167
13857930
49352945
86346643
12735388
48130397
75524092
11913700
48017809
74402414
1896112
47295267
73680966
674561
46173679
73567374
9952083
35956022
72345736
8730435
35224440
61623148
7617253
34002992
60406591
93895605
39980304
65384019
92773018
38162722
5562461
31550470
67045174
4440873
30834988
67223587
93217231
39712330
66100045
92595643
40921744
76925842
13314457
1475311
49808196
76203291
12298909
48686504
75081613
34294855
36931229
38247752
99747800
26905245
79852326
65743242
45462639
63665875
33655493
