35322812
62327910
8715625
34100324
61505339
97093037
34088136
60482781
1995985
81306586
23265594
18891691
65260293
92755808
28143906
64538655
91932350
27927359
54415063
90810762
26205777
53693416
89698120
26082229
52571838
88975532
15960641
51355346
88753985
14148099
51632798
87621407
13026402
40410110
86805855
13803864
49398568
75782277
12181376
48576971
63995093
75560629
1965724
47453433
74848038
242146
37231841
13626450
35686187
49010598
76515293
12503902
49998907
75392615
1781310
48276469
74270067
1669772
37053871
74458486
