
	19680539
	14214060
	50613779
	87008374
	13492423
	50491121
	26885836
	52370835
	89774530
	25163248
	52158283
	88552992
	15941690
	51435705
	87430304
	14824019
	40213117
	87608852
	13002451
	49191560
	86585274
	12980373
	49374988
	75363626
	11868731
	48252330
	74641045
	1045143
	47030842
	73428497
	923596
	36318200
	73702909
	9791914
	35195612
	72580321
	8078366
	35073065
	61468779
	7852878
	34251483
	60645181
	93730230
	39139935
	66523544
	92918648
	28912357
	65301952
	91895091
	28290705
	64689404
	90673413
	27068117
	53466826
	90951921
	26345570
	52340274
	89739383
	25123082
	52628687
	88616795
	14001430
	51405049
	87890143
	14289852
	40383551
	86778566
	13166204
	49551909
	86555018
	12940613
	48439321
	75833426
	11228035
	48216773
	74611888
	1005587
	47594192
	73599290
	983995
	36378044
	56174248
	82579942
	14568951
	41952656
	87347365
	14745409
	40230018
	76224717
	13629812
	7392745
	4192696
	9161357
	35255456
	12644061
	84530620
	21524779
	57019473
	84417082
	20802187