yugioh structure deck warrior's strike
(OCG - Japanese)

69488544		 
96872283		 
32271987		 
68366996		 
93187568		 
13893596		 
57902462		 
57666212		 
49681811		 
02460565		 
74131780		 
07572887		 
85087012		 
19041767		 
16984449		 
37043180		 
90642597		 
89529919		 
83269557		 
95750695		 
37520316		 
44947065		 
42534368		 
52105192		 
32807846		 
61127349		 
90928333		 
31423101		 
43422537		 
78794994		 
96765646		 
73567374	 
37534148		 
77538567		 
37390589		 
56120475		 
62271284		 
35539880		 
67045174		 