Structure Deck: Rise of the Dragon Lords
(TCG - English)

03954901		 
39343610		 
66337215		 
02732323		 
58551308		 
36354007		 
33508719		 
17444133		 
94568601		 
43586926		 
68007326		 
11224103		 
39191307		 
61505339		 
97093037		 
41089128		 
95701283		 
84290642		 
38120068		 
81439173		 
68005187		 
42703248		 
43434803		 
70828912		 
28596933		 
73628505		 
61127349		 
80161395		 
69162969		 
87910978		 
80921533		 
01224927		 
60082869		 
97077563		 
77414722		 
56120475		 
43250041		 