Structure Deck: Spellcaster's Command
(TCG - English)

40732515		 
76137614		 
02525268		 
05640330		 
00423585		 
45462639		 
73752131		 
09156135		 
45141844		 
08034697		 
71413901		 
07802006		 
70791313		 
21051146		 
55424270		 
47731128		 
82099401		 
06061630		 
39910367		 
75014062		 
36045450		 
47529357		 
99597615		 
42703248		 
66788016		 
72302403		 
83746708		 
73628505		 
98045062		 
14087893	 
91819979		 
28553439		 
45939841		 
07153114		 
00050755		 
34029630		 
94256039		 
62279055		 