62514770
99902789
35307484
61791132
98780137
24184846
61679541
97074649
24062258
50457953
92841002
29330706
55735315
92729410
28118128
54512827
81907872
27491571
54490275
80885284
16279989
53678698
89662736
16157341
42551040
88940154
15335853
41329458
88728507
14212201
40607210
17601919
53090623
80485722
16889337
43378076
89362180
15767889
42155488
78540593
15545291
41039846
77428945
14512659
40217358
77205367
3790062
49195710
76589815
2978414
39972129
75367227
1855932
38250531
64245689
1639384
37038993
63422098
917796
36916401
63300440
99795159
35183853
62188962
98672567
25067275
61466310
98850929
24845628
50243722
97738431
23122036
50527144
86516889
22900598
59305593
85893201
22888900
58272005
84677654
