13179332
13179332
49563947
86652646
12057781
49441499
49441499
75830094
75830094
11224103
11224103
48229808
48229808
74713516
1102515
1102515
47507260
47507260
74591968
74591968
980973
46384672
46384672
73879377
73879377
9264485
36262024
72657739
4041838
4041838
31440542
31440542
67934141
4929256
4929256
30314994
66712593
93107608
39191307
66690511
66690511
92084010
38479725
65878864
91862578
28357177
64751286
64751286
90140980
90140980
27134689
27134689
53539634
90928333
26412047
26412047
52817046
89801755
25290459
52684508
52684508
97342942
97342942
88089103
25578802
51562916
27967615
54351224
90740329
27744077
53239672
53239672
89628781
26022485
26022485
52417194
89405199
89405199
15800838
80863132
80863132
52648457
51394546
88789641
88789641
