
6007213
6007213
32491822
32491822
69890967
69890967
5285665
32679370
68774379
68774379
4162088
4162088
31557782
80045583
26439287
26439287
53828396
53828396
89222931
15317640
15317640
52702748
88190453
15595052
41589166
87978805
14472500
40867519
77252217
77252217
13250922
49645921
76039636
76039636
12538374
12538374
49522489
75917088
75917088
2316186
2316186
48700891
48700891
14255590
41249545
73648243
10032958
10032958
46427957
46427957
72426662
72426662
9910360
67951831
94940436
30435145
67829249
93224848
93224848
29612557
29612557
45305419
72709014
66607691
8198712
92001300
92001300
44182827
29590905
55985014
91989718
28378427
28378427
71587526
71587526
7076131
34460239
70865988
6859683
33248692
33248692
69632396
69632396
6137095
6137095
