-21159309
-68543408
-94538053
-20932152
-57421866
-93816465
-20210570
-56209279
-82693917
-29088922
-55586621
-82971335
-28966434
-54360049
-81759748
-4941482
-54248491
-80637190
-17021204
-43426903
-89810518
-16909657
-42303365
-79798060
-15187079
-41181774
-74576482
-10060427
-47459126
-73853830
-9848939
-46237548
-72631243
-9126351
-35514096
-71519605
-8903700
-34358408
-61757117
-69408987
-96907086
-32391631
-68786330
-95784434
-21179143
-68663748
-94068856
-20457551
-57441100
-33846209
-60234913
-96729612
-22123627
-69112325
-95507060
-22991179
-68396778
-94484482
-21879581
-57274196
-7841112
-33236860
-60634565
-96029574
-33413279
-94662235
-20057949
-56051648
-83546647
-29934351
-56339050
-82324105
-18712704
-55117418
-18096222
-54094821
-81489939
-17874674
-43262273
-81601517
-39037517
-65026212
-2420921
-38815069
-65303664
-91798373
-37792478
-64187086
-90576781
-27970830
-99261403
-82878489
-11366199
-75162696
-14462257
-65422840
-59509952
-34022290
-97811903
-33900648