53183600
36039163
40619825
65169794
38552107
99597615
18807108
55998462
11324436
73081602
95174353
20624263
93013676
47879985
46534755
32539892
95744531
56789759
14015067
35565537
72053645
34442949
96981563
93108297
81863068
54579801
3056267
91996584
3797883
64631466
65570596
16762927
12470447
70368879
82003859
18591904
45986603
81380218
17375316
44763025
80168720
17653779
43641473
70046172
16430187
42829885
79323590
5318639
42703248
74191942
596051
41426869
74637266
7892180
64047146
67284908
63162310
29692206
15023985
64389297
95051344
22046459
43417563
80811661
15083728
42578427
76806714
4849037
30243636
91782219
2964201
38369349
65458948
91842653
90020065
62397231
15259703
34124316
61528025
97017120
23401839
60806437
96890582
23289281
59784896
95178994
22567609
58551308
95956346
21340051
57839750
84834865
20228463
57617178
83011277
19406822
56594520
82999629
19384334
45778932
81777047
18161786
44656491
66516792
