18964575
-45358284
-71353388
-17841097
-44236692
-70630741
-7025445
-43014054
-79418153
-6903857
-32391566
-79796561
-5780210
-31175914
-78564023
-4068622
-31053337
-67441435
-3846170
-30230789
-39118197
-65503206
-92901944
-24996659
-61380658
-23274061
-60668166
-96653775
-23051413
-59546528
-96930127
-22339232
-58324930
-85718645
-96363153
-22751868
-59156966
-85541675
-22539270
-58924378
-84428023
-11813722
-57201737
-84206435
-10691144
-46089249
-83584898
-19578592
-46967601
-82361206
-45141013
-18756904
-71249758
-18634367
-44028461
-71417170
-7811875
-43906884
-70391588
-6799227
-21113684
-58601383
-24696097
-50091196
-97489701
-23874409
-50278554
-33184236
-79178930
-5577649
-32061744
-68456353
-5851097
-31849106
-67234805
-4638410
-30127518
-31766317
-67750322
-94145021
-20630765
-67038874
-93023479
-29417188
-66816282
-92300891
-29795530
-45688586
-66661678
-59482302
-85876417
-22371016
-68450517
-94845226
-21249921
-34116027
-66165755