
83039729
69247929
6631034
32626733
54959865
80344569
17732278
64398890
90397998
69025477
31904181
95519486
27782503
63176202
99675356
26669055
62054060
99458769
25847467
51232472
98336111
24725825
51119924
87514539
24508238
86442081
13846680
50957346
59235795
12624008
86229493
58012107
84385264
10789972
11502550
48996569
85507811
10667321
74117290
47274077
12324546
73262676
45939841
72446038
9845733
46052429
48712195
11102908
47596607
74095602
10489311
46874015
73872164
9267769
46652477
72150572
9145181
35539880
71934924
8323633
34717238
12510878
49905576
85399281
12398280
48783998
84177693
11662742
47060347
