-27450400
-53855409
-80244114
-16638212
-53623827
-89127526
-16516630
-52900379
-88305978
-15394083
-41788781
-88283496
-14677495
-40666140
-77060848
-13455953
-40844552
-76348260
-2333365
-49721904
-75116619
-2511717
-48505422
-74094021
-1498130
-33883834
-70271583
-6276588
-32761286
-69155991
-5554990
-32548609
-68933343
-94331452
-31826057
-67211766
-94215860
-55154048
-91148083
-28643791
-54031490
-81426505
-27821104
-53819808
-80204957
-16708652
-53193261
-89181369
-15576074
-52971673
-88369727
-15854426
-41858121
-27243130
-54631834
-80036543
-17521642
-53519297
-89914395
-16308000
-30604579
-67098114
-93483212
-29981921
-66976526
-92361635
-29765339
-42793609
-89792713
-15286412
-42671151
-88069166
-14464864
-41458579
-77847678
-14342283
-40736921
-3129635
-49514333
-76721030
-61777313
-98162021
-24150026
-51555725
-97940434
-23434538
-50433147
-86827882
-23212990
-25373678
-63224564
-43530283
-94230224
-97783659
-60577362
-57543573
-84932271
-10026986
-41077745
-45215453