19041767
97127906
33112041
60606759
96005454
22499463
79856792
43751755
17363041
29246354
16241441
42239546
4906301
8062132
72677437
73899015
9284723
36278828
69884162
95888876
22377815
68762510
95166228
21155323
57549932
94944637
20438745
57827484
83812099
29216198
56605802
82099401
19594506
55589254
81977953
34334692
18372968
54766667
81755371
17259470
78734254
5128859
41517968
78512663
40391316
55428811
18302224
82639107
80368942
81913510
43644025
54306223
17189677
60728397
80033124
16437822
43422537
79816536
15305240
42709949
78794994
5183693
41587307
43452193
19024706
56641453
81791932
44584775
80678380
16067089
77972406
4466015
40465719
77859858
3244563
30643162
76137276
2122975
39526584
5915629
42309337
45043884
81434470
18828179
44223284
71712923
17706537
43191636
70595331
16984449
