69514125
60187739
96182448
23571046
59965151
95360850
22754505
58843503
25247218
61632317
97021916
24025620
60410769
97904474
23303072
59797187
96782886
22171591
59575539
85060248
21454943
58453942
84847656
11232355
57731460
83725008
19327348
10110717
83239739
70050374
6544078
56514812
83903521
19357125
45452224
82841979
18235577
45620686
71628381
18013090
44508094
70902743
7391448
43385557
70780151
6178850
32663969
79068663
5052212
32441317
78845026
4230620
31328739
67723438
48716139
74115234
1200843
37694547
19844995
30502181
62991886
99995595
35480699
62878208
98273947
24268052
61656650
97151365
24545464
60930169
82633308
21488686
23323812
59718521
96216229
22201234
59695933
85080048
58873391
84968490
71272951
5519829
17266660
43543777
84055227
78792195
32393580
32907538
68392533
94886282
14778250
75622824
79766336
30888983
5645210
82556058
24661486
32750510
37390589
58132856




















































69514125
60187739
96182448
23571046
59965151
95360850
22754505
58843503
25247218
61632317
97021916
24025620
60410769
97904474
23303072
59797187
96782886
22171591
59575539
85060248
21454943
58453942
84847656
11232355
57731460
83725008
19327348
10110717
83239739
70050374
6544078
56514812
83903521
19357125
45452224
82841979
18235577
45620686
71628381
18013090
44508094
70902743
7391448
43385557
70780151
6178850
32663969
79068663
5052212
32441317
78845026
4230620
31328739
67723438
48716139
74115234
1200843
37694547
19844995
30502181
62991886
99995595
35480699
62878208
98273947
24268052
61656650
97151365
24545464
60930169
82633308
21488686
23323812
59718521
96216229
22201234
59695933
85080048
58873391
84968490
71272951
5519829
17266660
43543777
84055227
78792195
32393580
32907538
68392533
94886282
14778250
75622824
79766336
30888983
5645210
82556058
24661486
32750510
37390589
58132856