
21844576
58932615
84327329
20721928
57116033
57116033
83104731
83104731
10509340
10509340
56094445
82482194
82482194
19877898
19877898
45871897
82260502
82260502
18654201
18654201
45159319
71544954
71544954
13532663
40937767
40937767
76321376
3810071
49814180
49814180
75209824
2694423
48092532
48092532
75487237
75487237
1571945
37970940
74364659
759393
37744402
63142001
9637706
36021814
62420419
62420419
99414168
99414168
35809262
35809262
61204971
61204971
42664989
42664989
87910978
87910978
98792570
34187685
61181383
97570038
23965037
60369732
96458440
96458440
23842445
23842445
59237154
96631852
22020907
22020907
58015506
85519211
21908319
21908319
58392024
84397023
20781762
57270476
83675475
83675475
10069180
10069180
56058888
56058888
82452993
