5998840
26775203
52869807
89258906
25652655
51047350
88032368
14430063
51925772
87319876
13708425
50702124
86197239
13582837
49080532
85475641
12469386
48868994
75252099
11747708
48742406
74130411
525110
47929865
73318863
402568
46897277
12296376
49680980
75675029
12079734
48568432
74952447
1357146
47346845
74730899
135598
36629203
73018302
44665365
9012916
36407615
72896720
4290468
31385077
67779172
4168871
30562585
66957584
93946239
39440937
66835946
92223641
29228350
65612454
91107093
28506708
64990807
91985515
27383110
53778229
90263923
26257572
53656677
89040386
25435080
52833089
88928798
15313433
51717541
87106146
14550855
40555959
87043568
13438207
49833312
86821010
12216615
49600724
75105429
11593137
31383545
176392
35448319
2843014
38837163
73787254
36560997
63665606
9059700
68505803
4904812
67483216
96099959
23093604
47421985
19204398
19182751
98954375
80367387 