49888191
-75372290
-80316585
-21593977
-39507162
-13955608
-88619463
-35809262
-62180201
-11508758
-57902462
-73891874
-15341821
-46668237
-66973070
-58132856
-40044918
-50263751
-45462639
-21208154
-57793869
-23116808
-32750510
-34004470
-79229522
-73333463
-33655493
-57666212
-11366199
-19028307
-70095154
-96938777
-68722455
-98777036
-52512994
-16304628
-N/A
-59509952
-85771019
-9666558
-11260714
-80367387
-47664723
-46272804
-33093439
-N/A
-36521459
-72926163
-19012345
-43359262
-37115575
-23087070
-24103628
-4545683
-63468625
-51402908
-74530899
-71341529
-7845138
-32003338
-6901008
-32995007
-81330115
-N/A
-65737274
-88120966
-73776643
-28190303
-9161357
-48049769
-53981499
-74168099
-440556
-63746411
-10389142
-68815132 