Shonen Jump promotional cards
(TCG - English)

89631139	
89631139	
74677422	
74677422	
50287060	
10000000
23995346	
14731897	
81332143	
55948544	
80304126	
90960358	
44910027	
40044918	
37195861	
46668237	
66973070	
57793869	
21208154	
62180201	
26302522	
26376390	
37507488	
86871614	
24857466	
39439590	
13893596	
38109772	
05861892	
64681432	
15341821	
88264978	
79229522	
78651105	
98777036	
31038159	
07634581	
60417395	
10000000
33093439	
95453143	
09666558	
88071625	
66094973	
36521459	
88643579	
10000010
87259077	
43366227	
37115575	
46986414	
63468625	
90953320	
04545683	
68140974	
08967776	
35952884	
07845138	
51402908	
63612442	
81330115	
54719828	
10000020
56910167	
75433814	
48995978	
31563350	
98012938	